0 1 5.25443
2 3 85.423218
2 4 87.06768
2 5 70.788177
6 7 9.504964
6 8 9.242055
6 9 226.233429
7 6 9.504964
7 10 10.433907
8 6 9.242055
8 11 26.271652
10 7 10.433907
10 12 20.2246
13 14 130.347641
13 3 105.922218
15 16 24.684919
15 17 54.693909
18 19 67.985359
18 20 26.677807
19 18 67.985359
19 21 27.913479
19 22 33.500843
20 18 26.677807
20 23 46.835007
24 25 103.438431
24 26 48.926601
27 28 152.21376
27 29 55.990044
27 30 60.641518
31 32 98.436134
9 6 226.233429
14 13 130.347641
14 33 74.712357
14 34 85.524033
33 14 74.712357
33 35 112.337341
36 37 71.245483
36 38 68.825974
36 22 109.654709
39 40 52.34132
40 39 52.34132
40 41 61.333881
21 19 27.913479
21 42 46.190296
43 44 150.404877
43 45 46.472115
46 47 4.752881
28 27 152.21376
28 47 4.168404
47 46 4.752881
47 28 4.168404
16 15 24.684919
16 42 61.076363
16 48 107.469299
42 21 46.190296
42 16 61.076363
49 50 67.74868
51 32 107.425163
51 52 77.131859
37 36 71.245483
37 53 44.46283
38 36 68.825974
38 54 107.933884
38 55 48.747574
56 57 50.19619
56 58 54.019222
57 56 50.19619
57 59 59.499744
32 31 98.436134
32 51 107.425163
32 60 89.300926
61 58 52.356632
61 50 67.577339
58 56 54.019222
58 61 52.356632
58 30 59.96019
25 24 103.438431
3 2 85.423218
3 13 105.922218
50 49 67.74868
50 61 67.577339
50 52 72.314995
62 63 47.510281
62 64 110.265083
41 40 61.333881
41 59 46.217949
59 57 59.499744
59 41 46.217949
63 62 47.510281
65 66 66.959358
65 67 36.76207
68 4 5.502091
69 66 3.862542
69 4 8.064768
66 65 66.959358
66 69 3.862542
4 2 87.06768
4 68 5.502091
4 69 8.064768
70 71 71.123131
70 5 53.684956
70 72 43.811806
67 65 36.76207
54 38 107.933884
73 44 91.879684
44 43 150.404877
44 73 91.879684
17 15 54.693909
74 64 62.161556
64 62 110.265083
64 74 62.161556
64 35 36.669777
35 33 112.337341
35 64 36.669777
75 55 6.771054
75 76 4.732349
77 76 3.625936
77 34 86.120888
55 38 48.747574
55 75 6.771054
76 75 4.732349
76 77 3.625936
52 51 77.131859
52 50 72.314995
53 37 44.46283
53 78 40.653503
78 53 40.653503
26 24 48.926601
26 71 71.969322
71 70 71.123131
71 26 71.969322
79 80 23.897961
79 81 4.483319
80 79 23.897961
82 83 4.754231
82 72 13.633287
84 85 8.976673
29 27 55.990044
29 86 67.871773
5 2 70.788177
5 70 53.684956
48 16 107.469299
48 45 64.353165
45 43 46.472115
45 48 64.353165
11 8 26.271652
11 87 59.881016
87 11 59.881016
87 88 16.790934
23 20 46.835007
23 88 4.65576
88 87 16.790934
88 23 4.65576
22 19 33.500843
22 36 109.654709
30 27 60.641518
30 58 59.96019
86 29 67.871773
86 89 109.159813
89 86 109.159813
60 32 89.300926
60 90 2.512404
90 60 2.512404
90 91 10.952856
92 93 3.411043
93 92 3.411043
93 94 5.73046
95 96 2.03491
95 97 1.523858
95 98 2.847096
99 100 2.897042
99 85 5.144928
94 93 5.73046
94 100 2.346432
101 98 1.687364
101 102 2.058208
96 95 2.03491
96 83 2.837826
103 104 3.19749
103 105 1.663949
97 95 1.523858
97 106 2.992434
100 99 2.897042
100 94 2.346432
98 95 2.847096
98 101 1.687364
98 105 1.837485
104 103 3.19749
104 85 3.024044
105 103 1.663949
105 98 1.837485
85 84 8.976673
85 99 5.144928
85 104 3.024044
107 108 2.45159
107 109 3.0098
110 111 2.526752
110 112 3.166665
111 110 2.526752
111 113 2.039898
114 113 1.791806
114 108 2.955506
115 113 3.331068
113 111 2.039898
113 114 1.791806
113 115 3.331068
106 97 2.992434
106 116 7.417722
117 108 4.896135
117 118 3.392944
117 119 1.77294
81 79 4.483319
81 120 4.427583
108 107 2.45159
108 114 2.955506
108 117 4.896135
109 107 3.0098
109 102 3.23328
102 101 2.058208
102 109 3.23328
112 110 3.166665
120 81 4.427583
120 118 4.313019
120 121 2.49759
122 123 3.425822
122 121 3.894974
122 91 7.911233
118 117 3.392944
118 120 4.313019
1 0 5.25443
1 124 2.973157
123 122 3.425822
123 125 3.345846
121 120 2.49759
121 122 3.894974
124 1 2.973157
124 125 3.016103
119 117 1.77294
125 123 3.345846
125 124 3.016103
83 82 4.754231
83 96 2.837826
72 70 43.811806
72 82 13.633287
116 106 7.417722
34 14 85.524033
34 77 86.120888
91 90 10.952856
91 122 7.911233
12 10 20.2246
46 73
